00015097c6c3 083020090000800100029300008000098700070000060006740000300006980002005000010030540  7.2
0001d2888928 200050006010000090600801003007090600000703000900080002100000005060902010003060200  7.1
000274921f39 590000007040010083008034900001402000069000820000109300004670200980040030700000016  7.1
00035f2db993 006000200900000004243000896000591000002080300400203001300000007000907000010408020  8.2
0003c85d91eb 000000000560000032230040079000060000070501090000708000053000920009806500700000004  6.6
0004477c8766 000310000060097040001420300030000502786000139502000060003059700020680010000074000  5.6
0004d942efa5 076009400000801007300000009610307080000090000020108034500000006900204000001600790  6.7
00057d44a4af 103070002000000040090005001020100503007000200405002060200800030050000000800020709  5.4
000673abbc89 850000031000070000000809000003000600970301052000020000100407006205000307000080000  7.2
0006756dc1bd 031006009000040060008007300184070020000000000090020148005800400040060000300500780  6.3
0006848206bf 100605009000000000053010840000951000000060000002080600607000905300807002009000100  8.4
000756d0f0f7 000030000560749083000802000000000000001608500090307040300090006070103050005000800  7.2
00076ba18179 074800900001050004500000063000305008060070090900106000730000006800030200005004830  7.4
0007ac38ad81 070000010000040000600208009860000091300106007002000300000070000050804030906305702  5.4
000885973139 300090002020104000000300700603500080870000014010007605002001000000905020900030006  8.5
00096d454c67 520010007080040032007500100000000700410060059002000000009006200360070080200050043  5.5
0009f6bd294e 502070430000400050000020700400502073000010000970603001008050000010004000059030807  7.8
000a10a08982 040062000900000020026300480000004870007000600052800000085001360030000008000530010  7.7
000a17154422 040280030010006007609070008000092000900000004000740000500020803400800010070035090  8.4
000a8d1be106 000600309306700010001004720900500000010000070000006001053900100070005804809007000  7.2
000aa07acb1b 030004000000800020900026400100000050049050170060000003003740009020001000000500060  7.3
000aa83fad53 000000407702000090059700030000186002004090600300254000030001920090000704801000000  5.7
000bed0aa5cf 040607080100050004003104200006803100000000000480070053020000010507000908000030000  6.8
000c289df2d8 024600007006070000003800560000200800300000004002001000069002100000030600100006240  8.2
000c6f8b18da 608000301700050002040000050200608004105020708000070000000000000810000079070103080  6.9
000d05bea0a0 003010800900050006700040003000104000070000050090578020040000080107000905502090407  8.3
000d38d7e822 070090040140208037900010008080000090201040603400000001010000020000629000700080009  7.1
000db55a089f 000030600040800901006700005083000200600040008005000490900005800501008030004090000  5.4
000f2a23f2d3 001000008709300001008701093000160050000000000080049000830402600900008205600000300  8.2
0010680b0c38 004070900700020008000000000003902500450000029090107080040000030006304200900080001  7.0
00118730449a 302090000080000000407056000030007069040601050670400030000360501000000090000010706  7.4
001206011717 000003500036405070100000060610309040000040000020706038070000009060504380008100000  8.3
00121d9a9024 700040006000759000900801003000524000030000020400000007501000208080000010209000304  8.9
00124fe5399f 009103002000060830000004009008000020910050048050000700200600000096010000100207300  8.5
0012dee256d7 000000000007010200800603001005908300000040000020000050001762500500000008060000020  6.4
00132112d510 078040600600000590500610000000000009019402350200000000000038005065000003003090480  6.7
00134e5dddba 007000500000080000900070001025108930003000600009000200000503000700000006010207040  5.5
00135cf26488 000000000012080450005206700004801200000000000290050068800000002000379000063000970  6.7
001373391771 021408000004002730630090000000009043003000600450300000000060074046100500000804360  7.2
001406db5ced 000080000002000500000702000500000003036000740900000002300801007008040900095030680  6.6
0014decd38eb 050600090800051020006002030300007000041000270000100009080400700090280005010005080  6.4
001510809006 500007000200900800000000460020710005000506000600039040087000000005001009000800006  8.2
00152aa39f09 010700000406020000902105000048090000601000507000050840000503702000070906000006050  5.4
0016a7e46328 704000905010040070089050310000010000000708000300604001070000090032000450400030007  7.3
00186ab518fe 090602005080100000004050000000000082060403050950000000000070100000005060600908030  6.8
0018d4ef220a 700000810040008200000206003000320900200804007003067000800602000009500080051000002  8.3
00198b36b243 000208006900050800020000090037080000500040003000070680010000040009030002400507000  8.5
001a7845194f 009107300704000908030000060078000530000308000400000009500409003800070005001000400  8.4
001aabb8bc0a 040901050600000001150000027004708500071000230003000600000216000000803000010070060  6.6
001ac35fe7ae 006100002080020000034805000307000040060000090040000103000601930000030050500008200  7.1
001b85c663a9 900000005004129600000605000040060020000708000780000063007000300020304080008050100  8.9
001cf87174be 000080004709004530800000600000400700307906405005002000002000003038500109900030000  7.1
001e039a9775 200003004004100000008060790500010020002406500010050003021030800000001300600800005  7.9
001e18d10c4d 000028000027300860300000041000500700010000020003006000730000004048007690000980000  7.2
001e943ba59f 000905100140020005002006000006000002400802009800000400000500700700080054009204000  5.7
001eb5c22d11 310500000600008004004007090002000010500070002080000300060800900400700005000001073  6.3
001eba174d17 008020900600000005500901002001070500072000690300000007000407000010503020050010080  5.6
002053180326 100700050000008300409060080600000090000307000010000002090020105003500000020006004  8.3
00213ed51a1a 000693000064000380020000050001902700000507000030000090006070500070208060082060470  7.2
0021626b5d93 100009600200006009040000010500390480080605070092087001020000050700500008003900007  7.0
00216c474890 000109000108000509009532100300070004051000860002000700904000308063000420000000000  7.3
002279de6019 300600005029700060000093040007000054006030700280000600060310000090005120500009006  7.3
002286579a91 000080000010506030000473000000000000402000603038040790043000960500000008800102007  5.4
0022f4a5009b 100073206007010000203005710405000000730000058000000304021300805000090400304560002  5.6
0023b8584516 000908000006050300005000400100080007000501000090060080010020070040705030700406005  7.0
0025fd6d7f53 700821006009000500800000007100000004040080090070502010060000030000219000000603000  6.3
00261995273b 000000000007195200400000005069000830000080000700203001300709006004020100076030980  6.6
00264f435ba5 900500302050000070000034001000006710300020006081300000700140000040000090209005008  6.8
0026658d3723 050030070007000800604207509000000000070506040502809703006000200005090400720000096  5.6
0026cab3bd55 300600080069000000800049003000010300073020450001070000500280009000000830020004005  7.2
0027242ca699 805000040006003001000890600000018050000207000020350000009036000400100900070000104  8.5
002729087089 000040000020609010006308700050090020008000300930000074080502040043000260500000003  5.5
002752f59c13 000503021000200450000040009600390870000000000092076003900030000084002000260704000  7.2
0027e792fcef 800600040040090607700300001009006302000201000208900500500003009903010080020009005  8.3
0027eeeaca90 002805000030064720060020009320000008016000370900000062400010050051480090000506400  6.8
002815674374 508000004090003060006000705020315000000708000000426070901000600040800050800000301  8.4
0028629de992 006704900000050000070613050002090500005000300030502060600107005900000007010040030  8.9
0028faa58022 005000600080926040020050080092000160400090005000802000009000300040060050001509800  7.7
00292f0312c3 021500000000083020006000800000800001038000450700006000002000500050620000000001730  5.4
0029d359cff2 200034007080090000100000509092800000500000008000003160608000001000060050900270006  6.9
002bb0dbf5b9 800030000030009002061080073002000090000706000070000500350010460400900020000070001  7.0
002cdc9c3080 605080024400010700030000006000496000890107045000852000900000080001040002240070509  6.8
002e2e286b20 000002901000100050006080040078940100000000000009023580030050800090007000805300000  6.4
002e707da442 001000700923000841080000030500000002000106000010902060000208000702000905040507010  5.5
002e84263cbe 806020730025900060000030000001702000400000001000405200000060000010009620067050408  6.8
002eeb857569 001002008870100000300800560000000090090435010080000000046007009000006052200500600  6.9
002f168bbae3 360075004000308006008060700740000090805000407090000053002030500500704000900250071  7.0
002f2cbfac4e 610000000040600500307009004003804001000050000400903600900400207008005030000000056  7.1
002f813f487c 000500700095070006000002850100000907007010200908000005063800000700050640001004000  9.0
002fe7bc1314 000401000006000400050020070090108020800000006000607000009856300430010065000000000  6.7
0030105c133e 005010200300040007100309004006907300071000890000000000600080003030425060000000000  7.2
0030559b94a3 020460090410090026000002000004000005350000079700000600000600000290050068070023040  8.4
00312a69a8a8 000030000050408060000701000002000600500090004000386000120000078007000200804102905  5.7
0031757e6c7b 908257604000906000063010250030090060009060400005348700070000080004000300000000000  5.8
00322a54400e 000701000054080001002006080000105030009000700020604000090200600200060340000907000  7.0
0032c2f5973e 010000000308192000600480700700000906100000002904000008001074003000926107000000040  7.3
00352fbdf16f 060003000008070001000820706300004008607000204500900003104095000800010400000300010  5.4
00364d79ba4d 000000000020406030090573020081000750000748000607000208800000002000030000069000180  6.3
003758f3c485 200000009300090008005603200070040050160000047500108006003060400000501000000000000  8.8
0039343e0186 091600200706004000024800000045002000000518000000400320000006830000100502007005690  8.5